40,4
51,1
51,3
49,1
49,3
40,1
40,3
37,1
37,3
41,1
41,3
79,43
79,42
79,41
79,40
79,39
79,38
79,37
79,36
79,35
3,2
3,1
3,3
10,109
10,213
10,247
10,191
10,153
10,151
10,75
10,2
10,3
11,21
11,9
11,13
11,17
11,19
9,7
9,2
9,3
8,12
8,17
8,8
8,10
8,5
8,2
8,3
20,3
20,2
20,1
19,3
19,2
19,1
17,3
17,2
17,1
16,3
16,2
18,1
16,1
15,3
18,3
15,2
15,1
14,2
13,2
12,3
12,2
12,1
11,29
11,28
11,27
11,26
11,25
11,24
11,14
11,11
11,7
11,6
11,5
11,3
11,2
11,1
10,312
10,293
10,267
10,227
10,187
10,149
2,2
10,85
10,69
2,1
10,1
2,3
10,27
9,1
9,5
8,14
8,1
8,9
7,12
7,11
7,10
7,6
7,1
